Test accuracy: 0.9865
Test macro F1: 0.9864

              precision    recall  f1-score   support

           0     0.9858    0.9918    0.9888       980
           1     0.9912    0.9947    0.9930      1135
           2     0.9884    0.9893    0.9889      1032
           3     0.9833    0.9881    0.9857      1010
           4     0.9817    0.9847    0.9832       982
           5     0.9887    0.9832    0.9859       892
           6     0.9885    0.9854    0.9869       958
           7     0.9816    0.9883    0.9850      1028
           8     0.9927    0.9805    0.9866       974
           9     0.9831    0.9772    0.9801      1009

    accuracy                         0.9865     10000
   macro avg     0.9865    0.9863    0.9864     10000
weighted avg     0.9865    0.9865    0.9865     10000
